<?xml version="1.0"?>
<opencv_storage>
<Mk1 type_id="opencv-matrix">
  <rows>3</rows>
  <cols>4</cols>
  <dt>d</dt>
  <data>
    1.6835769322197891e+03 0. 6.4660759238249079e+02 0. 0.
    1.6857643792445663e+03 5.1365876202680477e+02 0. 0. 0. 1. 0.</data></Mk1>
<Mk2 type_id="opencv-matrix">
  <rows>3</rows>
  <cols>4</cols>
  <dt>d</dt>
  <data>
    1.6599838610848769e+03 6.1864347672427051e+00 6.9245119600738906e+02
    -2.2861449131252279e+05 -2.0507702281068742e+01
    1.6817857058831253e+03 5.1938523607881723e+02
    -2.3088030051814712e+01 -2.8928942521380202e-02
    1.1157825500256139e-03 9.9958084781266987e-01
    -8.2651972807302854e-01</data></Mk2>
</opencv_storage>
