<?xml version="1.0"?>
<opencv_storage>
<M1 type_id="opencv-matrix">
  <rows>3</rows>
  <cols>3</cols>
  <dt>d</dt>
  <data>
    1.6835769322197891e+03 0. 6.4660759238249079e+02 0.
    1.6857643792445663e+03 5.1365876202680477e+02 0. 0. 1.</data></M1>
<D1 type_id="opencv-matrix">
  <rows>1</rows>
  <cols>5</cols>
  <dt>d</dt>
  <data>
    -7.9246347506277695e-02 2.0471296489058841e-01
    6.6685438034442136e-04 2.7813428113531765e-03
    -3.4081227134113976e-02</data></D1>
<M2 type_id="opencv-matrix">
  <rows>3</rows>
  <cols>3</cols>
  <dt>d</dt>
  <data>
    1.6793299025721610e+03 0. 6.4414627858618007e+02 0.
    1.6812136297400848e+03 5.2163730790508930e+02 0. 0. 1.</data></M2>
<D2 type_id="opencv-matrix">
  <rows>1</rows>
  <cols>5</cols>
  <dt>d</dt>
  <data>
    -6.5016498650660559e-02 6.8563999980229440e-02
    8.2727851569278576e-04 1.5360955907272227e-03
    -5.5542741354016524e-02</data></D2>
<R type_id="opencv-matrix">
  <rows>3</rows>
  <cols>3</cols>
  <dt>d</dt>
  <data>
    9.9957627693188000e-01 3.2558865185200615e-03 2.8925175850461976e-02
    -3.2222476000937587e-03 9.9999407709859944e-01
    -1.2094991211705609e-03 -2.8928942521380202e-02
    1.1157825500256139e-03 9.9958084781266987e-01</data></R>
<T type_id="opencv-matrix">
  <rows>3</rows>
  <cols>1</cols>
  <dt>d</dt>
  <data>
    -1.3581732294301582e+02 2.4271483921631756e-01
    -8.2651972807302854e-01</data></T>
<F type_id="opencv-matrix">
  <rows>3</rows>
  <cols>3</cols>
  <dt>d</dt>
  <data>
    2.8564407048691841e-09 -2.4353786942574737e-07
    3.2731551531401409e-06 1.4009457142046129e-06
    -4.3796563663846754e-08 -6.8208956106731361e-02
    -8.2922257289182665e-04 6.7363543082375646e-02 1.</data></F>
<ERR type_id="opencv-matrix">
  <rows>1</rows>
  <cols>1</cols>
  <dt>d</dt>
  <data>
    1.1780899612991898e-01</data></ERR>
<rms>1.8535237533291687e-01</rms>
</opencv_storage>
